1 80
2 0
3 160
4 0
5 0
6 0
7 160
8 160
9 80
10 160
11 80
12 80
13 160
14 160
15 0
16 0
17 0
18 160
19 160
20 0
21 0
22 0
23 160
24 160
25 160
26 0
27 0
28 0
29 0
30 80
31 80
32 160
33 160
34 0
35 0
36 160
37 0
38 160
39 80
40 160
41 160
42 0
43 80
44 80
45 160
46 0
47 80
48 160
49 0
50 80
51 0
52 80
53 160
54 160
55 80
56 80
57 160
58 80
59 80
60 0
61 0
62 0
63 0
64 80
65 0
66 160
67 0
68 80
69 160
70 160
71 0
72 0
73 0
74 80
75 160
76 80
77 160
78 80
79 80
80 160
81 160
82 80
83 0
84 0
85 0
86 80
87 80
88 160
89 160
90 160
91 0
92 0
93 160
94 160
95 160
96 160
97 160
98 0
99 0
100 80
1 0
2 0
3 80
4 80
5 0
6 160
7 160
8 80
9 0
10 0
11 80
12 80
13 80
14 160
15 80
16 80
17 0
18 0
19 160
20 160
21 80
22 160
23 80
24 160
25 80
1 80
2 160
3 80
4 80
5 160
6 160
7 80
8 160
9 0
10 160
11 0
12 80
13 160
14 80
15 160
16 80
17 160
18 80
19 160
20 160
21 160
22 80
23 80
24 0
25 80
26 80
27 80
28 80
29 80
30 80
31 0
32 0
33 0
34 160
35 80
36 0
37 80
38 0
39 160
40 80
41 80
42 160
43 160
44 80
45 80
46 160
47 160
48 0
49 80
50 80
51 80
52 80
53 0
54 0
55 160
56 160
57 80
58 0
59 0
60 160
61 0
62 80
63 0
64 80
65 0
66 160
67 80
68 80
69 80
70 80
71 0
72 0
73 0
74 0
75 80
76 80
77 0
78 0
79 80
80 80
81 160
82 0
83 160
84 160
85 0
86 80
87 160
88 80
89 160
90 80
91 0
92 0
93 0
94 80
95 0
96 160
97 160
98 160
99 80
100 0
1 0
2 80
3 80
4 80
5 0
6 80
7 160
8 160
9 80
10 80
11 80
12 80
13 0
14 0
15 0
16 160
17 160
18 80
19 160
20 160
21 0
22 0
23 80
24 0
25 160
26 80
1 0
2 0
3 0
4 0
5 160
6 0
7 0
8 0
9 160
10 0
11 80
12 160
13 80
14 0
15 0
16 80
17 160
18 80
19 0
20 80
21 0
22 160
23 0
24 80
25 0
26 160
27 80
28 160
29 0
30 0
31 0
32 0
33 80
34 80
35 0
36 0
37 160
1 80
2 0
3 160
4 80
5 80
6 80
7 0
8 0
9 160
10 80
11 0
12 80
13 160
14 80
15 0
16 0
17 80
18 0
19 80
20 0
21 160
22 160
23 0
24 80
25 0
26 80
27 160
28 0
29 80
30 80
1 160
2 80
3 80
4 160
5 160
6 80
7 80
8 160
9 0
10 80
11 160
12 160
13 80
14 0
15 160
16 0
17 80
18 160
19 0
20 0
21 0
22 0
23 160
